100|101|2|16|1|3|5ec06e1c02|1|1516323808691
100|101|2|16|1|3|5ec06e1c02|1|1516323809703
100|101|2|16|1|3|5ec06e0802|1|1516323810776
100|101|2|16|1|3|5ec46e0802|1|1516323811975
100|101|2|16|1|3|5ec86e0802|1|1516323812854
100|101|2|16|1|3|5ec46e0802|1|1516323813669
100|101|2|16|1|3|5ec46df802|1|1516323814817
100|101|2|16|1|3|5ec86df802|1|1516323815723
100|101|2|16|1|3|5ecc6df802|1|1516323816748
100|101|2|16|1|3|5ecc6df802|1|1516323818581
100|101|2|16|1|3|5ed06df802|1|1516323819000
100|101|2|16|1|3|5ed46de802|1|1516323820531
100|101|2|16|1|3|5ed46de802|1|1516323820938
100|101|2|16|1|3|5ed46dd802|1|1516323822084
100|101|2|16|1|3|5ed46dd802|1|1516323823003
100|101|2|16|1|3|5ed46dd802|1|1516323824013
100|101|2|16|1|3|5ed46dc402|1|1516323825453
100|101|2|16|1|3|5ed86dc402|1|1516323825955
100|101|2|16|1|3|5ed86dc402|1|1516323826980